444444444444444454544444554444544555545445545445444455544555346545544355453545544544444455554454554455445554555455555455454546655455454544454455444444444445545555555555555556666666666666666565555555555555555555555555555555555555554555555455
444444444444444555545444454455545555454544554544454544455444554453444555554554444544444455544545554455446354444434554655444453445555454555464445454444445445555555555555555556566655666666655555555555555555555555355555555555554555555555555555
444444444444444555544454554454445564444545545355545444554445455546555544445544655455555444444454554554463454455446544455455455555645554555555555454444445445555555555555555556666645666666665665555555555555555555465555555555545555555555555544
444444444444444555544455445545455664455544444545454555455455545454445445444454436445455455554554444554654545655565455554545565554544444455555545453544454444555555555555555556666656666666666666555555555555555555555555555555555555555555555545
444444444444445554454555444445555454455455445554445444455544555554445544445435554555445444555445455543544544545553454445454445455545555555564545445544444444555555555555555556666666666666666666656555555555555555555555555555555555555555555445
444444444444445545444544444446554544545545454554446554455455544544455453564555435544345554455445544543643644464545544645654555555545554444454554545454444454555555555555555555556556666666666655565555555555555555555555555555555555555555555555
444444444444455555554555444446545555444445555445454445555555445434555435544545444443555454455444544453655533664545545545555555455444454445556555444454444455555555555465555555555566666666666555555555555555555555555555555555555555555555555555
444444444444455454544455454556445544445455454555544456445455544445554445444345555545544445344444554443664356444544455546554455555544445555555555444554544444555555555555555555555665566666665655655555555555555555555555555555555555555555555554
444444444444555455554555444554445545455454444455554545444444444455434545445454445555454544445555444434553544445454545445544455554554555454455555545455444444555555555555555555555555666666666666555555555555555555555555555555555555555555554445
444444444444555455544455445544554544545555455554454545445544555554545465354555545544344444454454544434555344545444544555555566554454554565555655454555444445555555555555555555555555666666666556655555555555555555555555555555555555555555444555
444444444445554444444554455445554545535554545544445444554445554455454455553544454453353445454444445445544555454445456545555555445545554655555546444554444445555555555555555555555555566666664655555555555555555555555555555555555555555544555555
444444444445544544455544565544445555435445444455545445444545545434554454643545455453555554444445445443454553444555555455554444455455545565545545355555544445555555555555555555555555566666666556555555555555555555555555555555555555544555555555
444444444455444545445444565455554454535554555445443554444446544555635644434555554554544543544444444444245635544455554555445555454455556555545545545454534445555555555555555555555555566666666665555555555555555555555555555555555555555555555555
444444444555554544545445554544545455454545444545455545444655345544445354564535554454544444544554444544356564545554555644554655455454465554545545544454444545555555555555555555555555655456666665555555555555555555555555555555555555555555555555
444444444554454544454455545455444544444555554445445435455554545454454434544455455443544555545454444544455564455545355445555545464455555555555554444544444555555555555555555555555555555456666666555555555555555555555555555555555555555555555555
444444444554444554454455444454545454545554454545554345445455454545544455455454554453544543544444545445466656355444466464544456563556555555555455554544444555555555555555555555555555556466666655555555555555555555555555555555555555555555555554
444444444544554444455554455455554545554444544545445344554555434554445555554545554445444544445455554455564555346554464454545565543545555555544454554534545555555555555555555555555555555656666665555556555555555555555555555555555555555555555455
444444455554444554445545455455444555445444445444555355455444455544545445544445554455455454465545544364555454446453465445555545534555555554655455455444534555555555555555555555555555555556666665555556565543655555555555555555555555553555555554
444445455554445544555555445454555455444555544545434444544544545545545444445555544544544545444454444454554555345453565455565546444545545555554455455354444555555555555545555555555555555566666655555555555545755555555555555555555555554654555545
444445544555455445454555444455544455545454445454345444554545454545344454465545454544544545445555344554544555443553555545555555444455455555555555354544445555544555555555545555555555555566666655555555655556655555555555555555555555554454555445
444445545554445445555544535554554456454555454544554464555453554444544444454554544445443554555444335544544545454553455454555454554455445554555455555543445555554555554556445555555555555556666655555556665565555555555555555555555555555555555555
444455554554544454555555445454445545344544545545455454554454435553534454545554544544443554455444454443544544453453355454554445454455444555554554454443455554555555555555455555555555555555666655555556555666555555565555555555555555555555555545
444455544544454544554454554554465545445556344544454445355445454454455455445444444445444445445434343454544555544444555464555465445554444655555544454554455555545455555555445555555555555556666655555565555565555555565555555555555555554555555555
444455444454444445545554444555554555535553446445534454443454454455444544555454445445544454443455555445344544554355554565455465545544445555555554555554455545555555555555544555555555555556666555555556555655555555655545555555555555555555555555
444455445544444445645555555554555545454553444444345554545455444535545435454445554445443444544554546544444454454345555554455564544445535455555454554544545545544544555554545555555555555556666555555565555555555555555445555555555555555555555555
444454444444445455555555555455544535454464454443454535555454545445454545544455555545555545555444355335445455454445555454554454544545435455655443644545455545545555555555555555555555555566666555555655556665555555554455555555555555555555555555
444454545454444455445454544445543535444344355444445454454455444454544455445445455555555555543353354336453543545534555444455455533346455454565543644445354545555554554554545555555555555566666555555556665665555555555555555555555555555555555555
444555544454444555454554545545543545444454454434455464555544444544545554444444455555455554443453463345344554555453554445554555433455465354555444645455454555555455554554555555555555555566665466566566666655555555555555555555555555555555555555
444455545454444554545555545545444555444553653544556446553635455454445544444454555545444444554445444444454554554444455544454545444455465555445546554544444455555555555555566655555555555555655565566666666555555555555555555555555555555555555555
444455545444444555455444544545445344534545444344545354345435454453454444444555544444445455543445455345444554544445354444545445343464564544445555545544455555455555555556666654565555555555555655666666656565555555555555555555555555555555555555
445554444444544654545544545455445354455445444345464544554454445544544444554554444445444554423444544555554444555544445445444544443555654545545545544454555455555565556555555565566455555555555555666666656655555555455555555555555555555555555555
455444445454544644454545554454545453554464444355454545434544455445454555444445445454555543345444445455436555454444445444443544444554545545465445554545543455555554555555656655666565555555555555666666656655555555455555555555555555555555555555
545554544445445645455555545545534563544444453355545454545555445454445544454544444555554434454444444555446554454444444544545435445545565444544546545545454555556554544555655656565555555555555556666666666555555554555555555555555555555555555555
545544554454444545555554455445544654453544444465445454455444554444545555445554445555434434544444454536456553535554454444454444455554444455544465444655555455555454555565536555565566555555555555666666665555555555555555555555555555555555555555
544444544455445545555445445545446453553544545454454445544454444455555545554545455544444253444544554444555553434544444455454544444544555554545554555454463555555554545544645555556656655555555556666666555555555556555555555555555555555555555555
444554455454545545544544455455465434535444454644554444455445455545445455445445544454434544544444554444555435545544454444544445454445554455445543464553454545555555455545555555456656555555555666566666655655555565655555555555555555555555555555
444454545454445554454545455444464535554444555434554455545454554544445555555444535554424444444445544444545455534544444445453544454545444554544645545454545555555555555555545555556566565555555666566656655555566666655555555555555555555555555555
445454544444454545454454454555545435444345445445545544544545545455455544545544455443335444444444454454455344433554444445444454444444545544554545554534545555555555555555555545556655556555556566565555656555566666555555555555555555555555555555
444454545454455545445445545553555344434455534335545544544455454454544555544454543344444444454444454454455444443544455454555454454445445444534555445644555555555555555545545555565655555554566666665665665556666666655555555555555555555555555555
544544545444445554544545554563554444355545543454545454555544545455555554544545433434544444454444444544545444544554563454544454544445544545545555445445455555555555555554545555555665565655455666666666666566566666655555555555555555555555555555
544544445445445545454544555554455444555364543455454555544455555455454555455554444544344444444444444445455435544445635454455444444445455445445545444546455555555555555555555555555665555555455666666666666656566666666655555555555555555555555555
444544554445444555455545455445354445644454543455554444445555555544545555554544444244444444444444444444445345454565434444554444444454545454545545455553555555555555555555545555555655565555456666666666656555666666666655555555555555555555555555
455544454544456544554545454534544455455445444554444454444555555444555545554543442444444444444444444444454445554445354545544444444454445455445444554454555555555555555555555555455656555545556666666666666666666666666555555555555555555555555555
454544554445555554555455454545643555554444344544444444544555522454544555554433534444444444444444444444454555444345444444444444444455445545444554644553555555555555555555555555555665555565556666666666566666656666666655555555555555555555555555
445544444544555554555545544454535555554444445445554454445555434564545545554425444444444444444444444444444545454445455445544554444554444555455555544554555555555555555555555555555654654555566666666666666666666666666665555555555555555555555555
555444444545444454454545544546535456554445354455554444554555455654455545443354344444444444444444444444444546454445454444554444545544445555455544454644555555555555555555555555555655554655556666656666666666666666666665555555555555555555555555
444444444444445555454444544546445546445444445435545444454455455555455544432553444444444444444444444444444445555545344544544444544444455554455444545544545555555555555555555555555656556555566666666666666666666666666665555555555555555555555555
544545445554454554554544454545354556555454444535544454454445445544554444335544444444444444444444444444444445544454445544545555445554555555454554456553455555555555555555555555555655555555566666666666666666666666666666555555555445555555555555
455444445544454555554544554545444555454445344534555444445555554544534434355434444444444444444444444444444444545454455545555555555555555455554544556453566555555555555555555555566555655555566666666666666666666666666666655555555346455555555555
544545555444545445544545544545356554455454454435454555445544544435345344553344444444444444444444444444444444555554555555555555555555555555554555567455565555555555555555555555555555466555556666666666666666666666666666655555555466445555555555
545545554444444444454554545545645544545454354355554444454555444444544445533444444444444444444444444444444455565544445554555555566665555555555454566555566555555555555555555555554555566565556666666666666666666666666666655555555554455555555555
545445554454444454445564445454644544544455454454555444545454444445443455334444444444444444444455444444444467555455556555555556666766656555555555666565566555555555555555555555555555655555566666666666666666666666666666665555555555555545555555
455544444445445445454564454545345455554544555453554445444443444455434543344444444444444445455554445545454567545455664355566567777767556555665555655655666655555555555555555555555555656555566666666666666666666666666666655555555555555555555555
454445444444444544554635544445346444554445663554443553455444454444444444444444444444444445555445445444455767335665655466666677777777635565567565736666666666555555555555555555555565545455566666666666666666666666666666655555555555555555555555
554554444544445454545553545446345544544555554444345535554345444444444434444444444444455455544543544555557767267677666566677766776666635666566567667566666566555555555555555555555556655555666666666666666666666666666666666665555555555555555555
455544544444544545445553555454444654455435545334464444344554444444444445444444444444454554444455544555577766666656666667777646666666546536366666543355455556655555555555555555555555555556666666666666666666666666666666666655555555555555555555
545544445444545455455553544545445554454445544345554444545544444444443444444444444444444444454555544554577777424435665636666666666654445145256643222234544555555555555555555555555565666655666666666666666666666666666666665555555555555555555555
445545454445455554545554554545455454454546444446454554444444444444444444444444445545545544455555544555677766233344544426666665555444444424346543222224445555555555555555555555555555566665666666666666666666666666666666656555555555555555555555
454554445444455545455554554544564455454546345454544444544444444444444555555455555445544444455555544565777732243344444434554554544444444534545432222333444444455565555555555555555555556666666666666666666666666666666666666565555555555555555555
554544454545545554545554545444545454444435444545455543444444444444555555554454444445534534555555444567767633343344344444444444454344444542454332223333443444455655555555555555555556666666656666666666666666666666666566555555555555555555555555
544455444444545454554645454553545544454555545544544444444444444455555555444444445445544445544554445667666433333444444444444444444344444333543334333333333334455556555555555555555556666666666666666666666666666666666665555555555555555555555555
455455454555554545554634554454635544445554454456444555454344445555455555443445544445445454555554455677764434444444444444444444444444444444433333244333333344455555566555655555555666666666666666666666666666666666666665555555555555555555555555
444544445454554545545445444445545444434454564453555545443444554535455455533445454445455455555554544677754444444444554444444444444444444454334332342222223334455555555655555566566656666666666666666666666666666566666665555555555555555555555555
455544545555555454455455454455455445544454455445544544444565445455354555433444544444555444554554546776543444444444544444444445445544444444434322222223443334455555556655566666666655666666666666666666666666666666666665555555655555555555555555
554454454555545454444455645464455454544545544456444434545555554444555555323444544445544455555555556774333444444554444444444455554444444543334222232445664444445445555556666666666655666666666666666666666666655666666665556555655555555555555555
554445445445454555544454554544535544554555534553443445455555454465555544334444554555555455555454567753334444444444444344444555554444444433333222334444443444554445555556666666666655666666666666666666666656565666666665556555555555555555555555
444454445455545455454554553545544554554545445644444555565554454465554443334444455456444555555555777633334444454544444344444555544433444443343322333333334423455445555556666666666666666666666666666666666656555566666566555555555555555555555555
454445544554554544544545544446453655344644555434446555555545445555554443434444455455554555555566776343344445544444444444446554544433444444443333233233333333444345555555566665666666666666666666666666666665555666666655555555555555555555555555
444444455455454445555455554445463536445645544444563555545555545544554534444444545545444555555666775434444455544444444444446544544434444444433333332333333333233233455565555555666666666666666666666666666665555566666555656555555555555555555555
444455545445554545555455545545454445444544534456436445555454345545544433454444454555545455556777764444444455544444444444456544454434444444434333333333333332222332455564455555666666666666666666666666666665555566665565565555555555555555555555
554454445455554555454555644545444455354655543465455544445544555455553533444454555555554555566777654344444455544444554444455444454344433444433333333333333332222222245554554555666666666666666665656666666655655555665665665555555555555555555555
544454455455555555544554555445445554454454534654555445554455554554444434444444555555555455566676643344444455554545555443355444444444434444433333333333333322322221145545544556556666666666666665656666666656655555655655565555555555555555555555
454455445544554454544555454545454454455564456555555444445665445445443444444555555555555555666677643444444455555555554433555444445444444544433333433323333333232221144444444555555666656666666665666666666656555555555665565555555555555555555555
544454454555554454544554555454444564554543565544544454565544454464444453444454555555555556677766544444444565554455554444555554455544444544443444333223333332232211233334444445555566666666665565556666665656565555555565555555555555555555555555
544554554555554544545455554555454545454455655445453366554554555535434444444454555555555566677776644445346565555555555534556554455544445544445544433333333232221111332334443455555566665655665555565666655655555555555555555555555555555555555555
554445444544444455544555444545444545543645544445563664555544534444354344454444455555555556677776654444455555555555555434666454455544455544555534333432322232221111222333434444555556555555655556556666655656555555555555555555555555555555555555
544445454544454554445555464454545455454554645455453655444345423554454344454454445555555566777666544444434555555555455546665554555554555545555544444343322222221211122333333445545555555555555555555666655655555555555555555555555555555555555555
554545554445555544454554443444445535455454545455454455545554335554444344544444445555555666777666544444444455555544555556665555555555555556565544444342222222222211222223334444445555555555555655555556555655555555555555555555555555555555555555
544545454554555444454455444554445444556454555354545555544454445654443444545454545455555556766666544444444455555555555566665555655555556666665554443332222222223211222223333344455555555555555555555555555655555555555555555555555555555555555555
555454445454544445444454455544455454545464554455554554454536555544444454444544555455555566776666444444444555555555555666565556656666666666655655444333322222222221122222233444445555555555555555555555555555555555555555555555555555555554555555
555544444555455444455455555445455454555455654555553544455455555543445355454545555555555566777765444444445555555455555666666666666666666766666665444433222222223211121222234444455555555555555555555555555555555555555555555555555555555555555555
555445454555545444454555444554545564545554555554553554645556555334445444545444554555556566777764444444445555554455566666666666666667667777666664544222222222222211112222333434444455555555555555555555555555555555555555555555555555555555555555
555544455554555554555455454445545444543544465545554634656455543343444445555445555555555567777664444455555555554556666666666667666777777766665665554332222112222211122222333334444455555555555555545555555555555555555555555555555555555555555555
555454455545455544544545544554465555454454544546445555645454443534444455544455455555555666776664444455455555555556666666667777677776777767666666555421422122222221221222223333444555555555555555555555555555555555555555555555555555555555555555
555445444445555444445445455455454445454544455444553653635544345445354544544455555555556556767654444454444555555566666666667777777777777777766666654432421122222222112222223333444555555555555555555555555555555555555555555555555555555555555555
555544454455545445545544455555555554455544455544554554535445454454544455445444555555556556666654444555445555555566666666677777777777777777777666544532321122222221112212223333444455555555555554555555655555555555555555555555555555555555555555
455444445554555445555555555445454455544563464445454653435645444545544544544445455445656556766754444555545555555566666666677777777777777777777765544533221222121222112112233333345555555555555556556445455555555555555555555555555555555456555555
454544545544555445544545545445554444454454464544455443365445445455345445554445544555565665766665444444444555556666666766777777777777777777777655554543321121111222111122233333445555555555555554455544555555555555555555555555555555555566555555
455445445554555444455455444454555455554445544545554455554544534544444445444444455555555566666666544445455555566556667766777777777777776666777655544433321121112222111211123334444555555555555545455545545555555555555555555555555555555555555555
445554455555555455554455454545545555444445445454455555454544455344555544445444555555666667666666654445555555555556667767777777777777545546777766554443321211112222111211133334435555555555555555454554554555555555555555555555555555555555555555
445545444445555545554545445455455454545445455455545445545465454554455545444445555555666677676666654455555555555556667767777777777764455656777765544443431121112222211211233333345555555555555655565553554555555555555555555555555555555555555555
445554545455455455554444454554555455444545555544455445545444455453554444554544555556666666666666654444555555555556667777777777777545566777777765455333331121112222211211223333445555555555555545554445554555555555555555555555555555555555555555
444445455555555454454554454445454445444445445444454445545455455454544555555555645666666666666666644445555554555665667777777777777456566777777775435433331111122222112211223334455555555555545555554545455455555555555555555555555555555555555555
444445454555454545555455445455454555445555544444444445534444555444544454444455455666667666666666544455555554455555667777777777777465666777777775456333331111122222124411233344555555555555545555555545555455555555555555555555555555555555555555
444455545555555544544544454545554544355455555544454554444455543353444454445555555566666666666666434555555554456666667777777777777466667777777765444333331211112122123211233444555555555555555555555445544455555555555555555555555555555555555555
444455555555554554555454454554555544554454444545544454453454444333454445545555555556666666666666545555555545555555666777777777777645667777777764443333321211112222222211344455555555555555555556554444554455555555555555555555555555555555555555
444455555555555545544444555454555444354554555454434444443454343335544445555555555556667666666665555555555455555556667777677777777646677777777754444333321111122222222211344555555555555555555555444444455445555555555555555555555555555455555555
444455555555555455444454555554545444354445554444444444544444344455544445555555555566666766666665555555555555555566666777777777777767777777877654443333221221112222232211345555555555555555555555545444455445555555555555555555555555554565555555
444445555555554454454554545555444444445444544444545445545445554555555445555555555556655646666655455555554554555666656777777777777787777878877554433333211211122222222211345555555555555555555555554445454345555555555555555555555555555555555555
444455545555544554445555445555454444446355444444455455444555444545554455544555555555446666456554555555544445555666556766777777777788777778876544433333211111222122222111245555555555555555555555455454455445555555555555555555555555555555555555
444455555455455555454544554544544444455445354454454444545455554545555555545555555555445566545555554455544555555555566777777777777777777778775443333333211111222222222211355555555555555555555555454445555345555555555555555555555555555555555555
444455554545544555545454444544444444554544545544544545445554534555445555545555555554455677554545544555444544555556666777777777777777577777654454333332211111112222211111455555555555555555555554545445454445555555555555555555555656555555555555
444455555445445545554545555444544544554454544455444455454544544555455555555555555544455676754455445554455444555566666666677777777777677665554443333332111222111222111111355555555555555555555555555544563355555555555555555555565556555555555555
444455545554454555544455454444444445544355444535445444455544444555445555555555555454555566754344455544554445555555566666667777777676677655554433333332112111112211122211345555555555555555555555555455562355555555555555555555665556555555555555
444455554555544545545554554444554455444445545544555444454444455545444455555555555555545567753445445444545544545555566666666777776666566545433333333331111111122222222211345555555555555555555555555555453554555555555555555556655555545455555555
444455545554554445545545544554554445444444454445454444544445544454444555555555555554555677744445444444445434555555566666666667776655556444444333343321111111212222112211245555555555555555555555555554544555555555555555555556655555544454555555
444455555545555454555544445454554544455545554444545455455554444454544555555555555555555677645544444444554344455545555666666666765554556443443334333212111112122221122211355555555555555555555555454445445555555555555555555556655454544544555555
444455555555545455555454444554444444555544345444554554555444444545444555545555555555555677655555444455543444445445555556666556655444444334433343332121111112222221122112455555555555555555555555555444455555555555555555555556555454544444455555
444455545455455455555454454454554444554545555545454455444444445554544555455555555555556677655455444444444544444444554556665455554444433444333433321121111112222211121123555555555555555555555445545455555555555555555555555655555455444444455555
444454555455455554545544444545554545455555554445545444344444555554435545555555555555556677654445454444445444344444444555555555455544434433334333211111111122222221121124555555555555555555544444454455555555555555555555555555555444444434455555
444444555455555545544544454445555555454555544545544444344544555555455445555555555555566667665555544445444443344454444554555554445533434333334331111111121222222221121234455555555555555555445544444455545555555555555555555555555444444444555555
444444455554454555555454544445545445554454444435554444454555555555454455555555555555566667775444555454454444444443344543444444444443344334433211111111222222222221111234555555555555555554554444555555555555555555555555556555555445344344555455
444444455555554545554544555455535555445554444544534445444455555555544445554555555555566666666544555554444444444433344443444433333433433333211111111111222222222221111455555555555555555444545555555555555555555555555555555555555544444445555555
444444445545554545554444455545545454445544445544554454454554444555444444444455555555556666666544554554444454434334444442344232222233322222111111111112222222223221112455555555555555555555555555555555555555555555555555555555454544444455555545
444444445444544455554454555555454545445554444434544354545434445554454445455455555555555566666544444445444444444334434443343232222332222111111111212122222222222321113555555555555555555555555555455555555555555555555555555555445444445554555545
444444444444544554444444555455454555444544444434444554545555554554554444545555555555555566666545444234444443333334344332233221222222211111111112211222222222224311114555555555555555555555555555555555555555555555555555555555555444545444555544
444444444445555544444545544545554454455544444444554455545554544455445454554544555555555566666544443234344433333444343322223222222222211111111222222222222222221112335555555555555555555555555555555555555555555555555555555555544544544444454544
444444444444555544445555544544545554455444444455554465455445444454554545454545545555555566666555444333344433334443333322222222222222211111112222222221122221211124555555555555555555555555555555555555555555555555555555555555544545444444554544
444444444444444445545545454544454445544444444555544454345554544455445455545545545555555566666655555544433433334433333322222222221222221122122222222221222212211135555555555555555555555555555555555555555555555555555555545555544545444445444444
444444444444444455555545545454445444454454555555544555454433444554465545454545455555555566666665555554434443334432333322222222222222222222222222122222222322311355555555555555555555555555555555555555555555555555555555545555544545444444444444
444444444444444444445454455454455444455544555554444445454555555444444455554454455555555566666666555554454433434432222222222222322222222222222221122222222222112555555555555555555555555555555555555555555555555555555555555555545554444444444444
444444444444444444455454455444454444555555554554545554454554545555444554535455545555555555666666555554444434433431111112122223322222222222223221122222221111124555555555555555555555555555555554555555555555555555555555555555545444444444444444
444444444444444445444444554454554555555555554555445544555544555455355554445454555555555555566665555544455444423321111232232323222222222222222222222222221211135555555555555555555555555555555555555555555555555555555555555555545444444444444444
444444444444444444444544444555555555555555545544445444454454444455454545454544455555555555566666655544555544433333334433343323222221222211211212222222211212245555555555555555555555555555555555555554555555555555555555555554445444444444444444
444444444444444444444444454455555555555554545555555445545454454555545554544545455555555555556666655545555544433433344443333433221222211111211212222231111123555555555555555555555555555555555555555555555555555555555555555445445444444444444444
444444444444444444444455544454555455555554545554555545544445445555555555444546454555555555555656666555555544444433444433223344322122222121111112122112311246555555555555555555555555555555555555555555555555555555555555555554445444444444444444
444444444444444444444454544444555455555555545554445445444445555554555545454445444454555555555556566556555544554333444332223343321111111121111112222122224566555555555555555555555555555555555555555555555555555555555555545544445444444444444444
444444444444444444444454444455455555455555545544455555444453545544545435554455454455455555555555565566555545554334444333322224322111122121112223324322256666555555555555555555555555555555555555555555555555555555555555545545445444444444444444
444444444444444444444444444445455554555554455444544454444554545555545434454444545554555555555555555565655555454444444434333223211123333222233333335542466666555555555555555555555555555555555555555555555555555555555555545544445444444444444444
444444444444444454444444544544555554555554545554454544555445454454554445554434555444555555555555555555556555554444444444333224322334443455444334456656666665555555555555555555555555555555555555555555555555555555555555545544545444444444444444
444444444444444454444444444455555445545555455554445545534455454444544445453445544455555554555555555555555555555454444444434333334555534455444445566666666665555555555555555555555555555555555555555555555555555555555555545544544444444444444444
444444444444444444444444444454455455555555544455455445435554554435544445344555545454455544555555555555555555555555555544444333455665534555455456666666666655555555555555555555555555555555555555555555555555555555555555545444544444444444444444
444444444444444444444444444444554455555554455544454345434544544545444435345445434444455455555555555555555555455455555544444444455655544555555556666666666656556555555555555555555555555555555555555555555555555555555455545444444444444444444444
444444444444444444444444444444444444555555454445454465455555454445444445545434454444545554455555555555555555455454555544444554555555444555555666666666666665566555555555555555555555555555555555555555555555555555555445445444444444444444444444
444444444444444544444444445444544445455555555545444544455544454545433455555545545444555644455555555555545554454554555444455554555555455555666666666666666666655555555555555555555555555555555555555555555555555545555544444444454444444444444444
444444444444444444444454455454544454555555555545454555445445455443345554544444444454445434455555544554544454444555555444555544555555555555666666666666666666665555555555555555555555555555555555555555555555555554544444444444444444444444444444
444444444444444444444444555444554555555555555455444555345544444446554444444455444544554544455554444544554444454555554445555555555555555556666666666666666666665555555555555555555555555555555555555555555555555544454544444444444444444444444444
444444444444444445454444444445444445555555555445554554455545444544444444445454554444445455555545544444544454455545455555555555555555555556666666666666666666665555555555555555555555555555555555555555555555555544444444444444444444444444444444
444444444444445444454555445454554455445554545555543555455544545544544445554454444454555455555555444444445555555555555555555555555555555556656666666666666666555555555555555555555555555555555555555555555555555444444444444444444444444444444444
444444444444545444445544455555444455555454544445544554445334544444444444544445554444555455555555544445555555555555555555555555555555555566656666666666666666555555555555555555555555555555555555555555555555555444444444444443444444444444444444
444444444444555444445454544554544544544455554555544555444335544454445455555445554555444555555555555555555555555555555555555555555555555666666666666666666666655555555555555555555555555555555555555555555555544444444444444444444444444444444444
444444444444444444444455445454444444445555454555445555444445445444444455455555544455555555555555555555555555555555555555555555555555555565655666666666666666655555555555555555555555555555555555555555555555544444444444444444444444444444444444
444444444445554444455444444545455444554555444564454555444445545445454455555555455455555555555455555555555555555555555555555555555555555555566666666666666566555555555555555555555555555555555555545555555555544444444444444444444444444444444444
444444444454544444554445555544445544544455455555455444444445544455455445455554544445554555545555555555555555555555555555555555555555555565566666666666666666655555555555555555555555555555555555544555555555444444444444443434444444444444444444
444444444454545444444555555454554545544454455555455554444545444555555455454554545555555555555555555555555555555555555555555555555555555565566666666666666666665555555555555555555555555555555555544555555545544444444444444434444444444444444444
444444444444444545544554554555545554544555554555555554445454444555555554545454445555555555555555555555555555555555555555555555555555555555566666666666666666655555555555555555555555555555555555554555555554544444444444444444444444444444444444
444444444544445545554454444544454554455555444544555544445455455554455555554454545555555555555555555555555555555555555555555555555555555555556666666666666666555555555555555555555555555555555555554555555454444444444444434443444444444444444444
444444444555554454444544444454444545555444445445555445445454445444454544443545455555555555555555555555555555555555555555555555555555555556666666666666666666655555555555555555555555555555555554554555555554444444444444344343444444444444444444
444444444444454544554445555554545545554444544545545444445554445554454445554545555555555555555555555555555555555555555555555555555555555555666666666666666666655555555555555555555555555555555545444555555555444444444444344443444444444444444444
444444444545554545555555554544545445545444454555444545444544455554444455554445555555555555555555555555555555555555555555555555555555555556666666666666666666565555555555555555555555555555555555554555555554444443444444343444444444444444444444
444444444555555344544444545455554444454444555555455455454544555554544555554555555555555555555555555555554555555555555555555555555555555556666666666666666666656555555555555555555555555555555555554555555554444444444444343433444443444444444444
444444455555544554454445435444554454544455445554454555454455555454545555555444555555555555555555555555555555555555555555555555555555555665566666666666666666565555565555555555555555555555555555554555555554444444434443433433444443444444444444
444444445555444554555455445455544454545555444555554555444455555555445555544445455555555555555555555555555555555555555555555555555555555555666666666666666665665555655555555555555555555555555555543555555554444444344434434433344434444444444444
444444554444345645545445454555454455555444555554455555445455554544555555445544455555555555555555555555555555555555555555555555555555555555666666666666666666666666656555555555555555555545555555544555555554444434344433434434444434444444444444
444445455454446444444554555444445554545545455544555554444555554445544445544455555555555555555555555555555555555555555455555555555555555555666666666666666666666666665555555555565555555554555555445555555544444444343434434434334444444444444444
544444454454455445544544444545445455545555545554555454454555555554545545555455555555555555555555555555555555555555555555555555555555555566666666666666666666666665555555555555555555555555555555445555555544444443443434344334433434444444444444
555445445455554444445554455444445454544555445454554544455555555554555454544454555555555555555555555555555555555555555555555555555555555566655666666666666666666665665555555555555555555554554555445555555544444534444334344434343434444444444444
554445545454454455544544554445545444555454454554454545555555554445545544544555555555555555555555555555555555555555555555555555555555655566556666666666666666666665555555555565555555545554555555445555555545444544434334334443434444444444444444
444445453455554545554555545555445454555544454544555555455545545555445454545455554555555555555555555555555555555555555555555555555555555555566666666666666666666655655555555555555555555555555454455555555555544444434334434333434444344444444444
554445545555545445555455445445544544544455455455445555445555555555555444455555555555555555555555555555555555555555555555555555555555555555666666666666666666665656555555555555555555555555554554455555555555544444434334444334344444344444444444
444454455455444455554444544454545555445544555554455554455554455554544455554555555555555555555555555555555555555555555555555555555555555555566666666666666666666555555555565555555555555555554554455555555544444444444343433433434444444444444444
554555444444444455554444554555454444455544545444455554455554554555544555444544555555555555555555555555555455555555555555555555555555555555566666666666666666666556555555555555555555555555554544555555555544544444443444344433434444455444445454
455564463555545555555555544544544545545445554455455554455554455545555455444554555555555555555555555555555555555555555555555555555555555556666666666666666666666556555555565555555555555554555445555555555545544344444444344434444444554443454454
554543543555555555545444444435544445454545544555555555454544555545544555445545554555555555555555555555555555555555555555555555555555555555666666666666666666666555555655555555555555555555554455555555554544544354443444344434444454454444454544
545444534555555555545455544455545545445455545544455545445544555445555445544554555555555555555555555555555555555555555555555555555555565555666666666666666666565556665555555555555555555555543555555555545554444354444444444444444444544544544544
545346435555555555444454444444444444455555445545454544455545554545554555444544555555555555555555555555555555555555555555555555555555555556666556566666666666655665655555556555555555555555445555555555555545454355444443444444444445444444444443
555355345545555555555554444444444444455555545444445555445454545455555554454555555545545555555555555555555555555555555555555555555555565656555555666565666665666665655555565555555555555544455555555555555555544455344444444444454455444444444444
454464455555555555555544555444444444555555545544545555445455455445554555554554555455555555555555555555555555555555555555555555555555655555566555656666666566566555555565555555555555555544555555555555555555544453444444344444444454444444444444
444554555555555555555544554444454455455554445445445555445554544455555555454455555555555555555555555555555555555555455555555555555555655556565555665666666566566555555555555555555555555544555555555555555555555353454444444444444444444444444444
444554555555555555555554554444444555454544455455555555455554544455555545454554555555555555555555555565555555555555555555655555556556555555555555655656655566656555555555555555555555555545555555555555555445555345354434444444444444434444444444
455544555555555555555554554444444554555545445555454545455544444454555545554545555555555555555555555555555555555555555555565555555655555655655555656665655566555555555555555555565555555445555555555555555555555435353444444444444444444444444444
455435555555555555555554444444444555555555554455544455555544445455555545444555555455555555555555555555555555555555555555555555565556565666655566655555654566556555556555555555555555554555555555555555555555555524444444444444444444444444444343
444445555555555555555554444444444545555555544454545455454454455455556554544555555555555555555555555555665555555555555555665566556656555666656565556555655666665555555555555556545555545554555556555555555555555533444444444444434444434443444343
444445555555555555545554444444444545554454444454555554455454455454455554455545555455555555555555555555555555554455545556655555556565666566555565566566666665665555555545555555555555445655555555555555555555555541454444444444444444444443443343
444445555555555555555554444454444555544545454555545554555554454444455544545555555455555555555555555555655566556655566666655556566655666665556665665566665556555555555545555555555564555555555555555555555555555542454444434444444444444443434444
444455555555555555555554445454444545545455544554455555555445554444565545455555455555555555555556556556556555555555566555555556666565666665556666665565565556555555555555555555555555556555555555655555555555555543355444434443344444444434444443
444445555555555455555554545445444445544554444455555555554445445455555455554555455555555555565566655655566555665555555656566566665666666666666656656656555555555555555555555555555555555555555555555555555555555543345444434443444434444334444443
444445555555555555555554544444444444554554444445555554444455544455554444555545555555555555555666556555666566555666666665666666655566666656566666565555556555556555555555555555555546555555555555555555555555555543445444444444434334444344443433
444445555555555555555554544444444445454555445555555554444435545454545445554545555555555665556666665566666555566655544555666666565666665656666566665555556555555555555555555555554555555555555555555555555555555543445444444444434334444344434443
444445555555555555555555444444544444444545555454554554444455545455554445544555555555555655556665665666666556666555566666566655566556655666665665565555555555555555554555555555555545555555555555555555555555555443345444443444344344444343433433
444444555555555555555555444444544444445555544544455455444455544455544445544554555555556555556665655656666666666665666556666566666655666666656666655555555555555555555555555555554545555555555555555555555555555444445444444444334343443343333433
444444555555555555554554444445454444445555545445554454444445545454434445444555555555556555566566656666666666665555666666545566566566666666555565555555555555555555555555555554555555555655555555555555555555556434444444444344243344443343333443
444445555555555555555554444445454444444554555454554455444555544444545555544445555555565556666666666556666666655666666655666666666666666555555655555555555555555555555555555555555555556555555555545555555555555434444444434344453444443343443443
444444555555555555555545554455454444444555444445544545445455544445544545544536555555555566666666666555666666666665555566666666666666555555555555555555555555555555555555555655555555555555555555554555555555555543444444333434434444443443443344
444445445555555555545555555455544444444455444545545455555454454444454444334455444555555556666666666555555555665555555666666556665655545666655555555555555555555555555555555644555555555555555555554555554555555543544443333334434344443443343444
444445445555555555545445545554444444444445444445445555445442554444454444445554455555555556666666666566555555555556556665555566666666666655555555555555555555555555555555555544555555555555555554544555545455555553534443333434444444433443443444
454444545555555555455455555444455544444445545545545555555544653444444444454544555454555556566665666566555555555566566666556666565566655555555555555555555555555555555555555445556555555555555555555555555455555553454444333334444444344343444443
444444545555555554454555555555555544444444555555454555555546443455544554445555555555544555555666556666555555555566666666555555555555555555555555555555555555555555555555555445556655555555555555454555544455555553453444333333444444343344444443
444444455455555554555555555544445554444444554555554555554445445555555544554455555555555555656666556665555555555566555655555555555555556655555555555555555555555555554555555555556655555555555555555554444455545554354444333444444444443444444433
444444455455555555445455555554455544443444455455544455554545555555555445544455455555555555555566666555555555555555555555555555555555555555555555555555555555555555555554455555556655545555555555545555555555555554345433333444344444344344444433
444444444555555555545544555555554444444344445455445445544444555545554445445555555555555555555555666665555555555555555555555555555555555555555555555555555555555555555454455555455555455545655555455555544445554555435433333444344444444344444434
444444454555555555555455545555555555544434445455544444454444554445554455445555545555555555555556666666655555555555555555555555555555555555555555555555555555655555554454555555555655455566555555555545544445555445434334433444344444444344444433
544544445455555555555454555555554455555544445545544544455545545554454455445555545555555555555556666666555555555555555555555555555555555555555555555555555555555555555555555555555555555554445455545545544444555545444434524444344444444344444433
544444445545555555555555555555555555444433445445454544455554445455554444445555545555555555555556666666665555555555555555555555555555555555555555555555555555555554555555555555555555555555555555545455544444455543543434425344334444444444444433
544554445445555555555455455555555555555554344555554544455444454455444444444554455555555555555566666666665555555555555555555555555555555555555555555555555555555555555545555555555555555455555555544454444444455554442434333334434444444444434443
545445554455555555545555555555555555554444334455544444455444554445444455545555455555555555555556666666655555555555555555555555555555555555555555555555555555555555555545555555555555455555555555544455444444455554343434334434443444444444444434
545444554455555555544555555555555555444564434455544455444555544445454455545554455555555555556556666666655555555555555555555555555555555555555555555555555455555555555544555555555555555555555555554455444444445544433443434444443444444443434444
554444554455555555554555555555555555555544433555544455454453554455445544455554455555555555556555666666655555555555555555555555555555555555555555555555555555555554455445555555555555555555556555544554444444445444433343443344443444444443444343
454444455455555555555555555555555555555555542445444455444455444445444444454554444545555555555556666666655555555555555555555555555555555555555555555555555555554554444455555555555555555555555555444554544444434544433334443444443444444444444344
455444455455555555555555555445555555555555543345444455344455444445544444444555545555555555555666666665555555555555555555555555555555555555555555555555555555555554455555555555555555555555555555445545444444444444533434343444443444443444444434
555444554455555455555555555545555555555555544345444454444444444444544444545555555455555555555666666666555555555555555555555555555555555555555555555455555555555555555555555545555555555555555554445555444444444444443443444444444444444344444444
555545555555555455555555555555555555555556555334544454444444544554454544444445544455555555555666666666655555555555555555555555555555555555554555554555544445455555555555555545555555555555555555445554444444444444444444444444444434444444444443
554545555555555455555555555555555555555555555433545444444454544544455444444555544455555555555566666666655555555555555555555555555555555555555554444445544444365544445555555555555555555555555554445454444444444454444444444444444444444444444343
454445555555555555555554555555555555555555555534444444444444454444545544445445444455555555555556666666665555555555555555555555555555555555555444444444544444365555555555455555555555555555555555444544444444444444444444444444444443434444444434
454455555555555555555555555555555555555555565444344444444555454454455544454545555555555555555555566666666555555556555555554555455455555554444444444445444444365455545455545555555555555555555454455544444444444444444444444443444444444444444434
554455555555555555555555554555555555555555566564434444444554554544444555444555554554555555555555665666666655555555555555544555455455554544444444444444444444455555444455455455555555455455555455555444444444444444444444444344344444444444444434
544555555555555555555555555555555555555555566654423444444554455544545545545555445555555555555555665666666655555555555555555555455445554444444444444444444444444655544445455455555555455555555455455444444444444444444444444444344444444444444444
555555555555555555445454555455555555555555566665433444554544545444545455555454544455544555555555566666666655555555555555555555555545555454444444444444444444444555553445545454554445555555554445454444444444444444444444444444444444434444444444
554555555555555554445555555545555555555555555666553344554445555544555545554454454455555555555555556666666665555555555555555544555545555454444444444444444444444465443445554454555455554555544445544444444444444444444444444444444444444444444444
554555555555555555545554555554645555555555566666643334454445555554445544454555454445555455555555566666666665555555555555555544555545455455544444444444444444444455434445555555555555555555444444444444455444444444444444444444444444444444444444
554555555555555555555554455454555455555555556666645334444444545544445455454555554445555545555555556666666665555555555555555545555455445455544444444444444444444445544455545555555555555554444444544445555444444444444444444444444552243444444444
554555555555555555445554445555565545555555555665665443444554444445445455445544455555555445555555555666666666555555555555555545554455445555545444444444444444444454554445546455555555555444444444444455555445444444444444444444445542454344444444
554555555555555555454555445555554545555555555666665543344444455455454455545555545555554345555555555666666666655555555555555555555554445554544444444444444444444444454455455356546545555444454444454555555455445444444444444444455541365334444444
554555555555555555554455445455555545555555555566556653445444555454455555555555444444554455555555555666666666655555555555555555555555555555555444444444444444444436444455555555455535555544454444444555555555555455443444444444565422455333444444
554555555555555554445544555555555555555555555566656643534444554444555554444444455555544454555555555556666656665555555555555555554555555555555444444444444444444435444555555555554445555444444444445555555555555554443444444444565233342522344444
554555555555555554555445455545555455555555555555666644633444555445554444444544555555444555455555555556666656665555555555555555555555555544555444444444444444444435544545445464344545555445444444445555555555555554433344444445555133433542344444
555555555555555555444444455444544455555555555555656655643454555444544544444455555555445455555555555556666666665555555555555555555555555445654444444444444444444445455455455565454555555444444444445555555555555554433224444445553243444442244444
554555555455555555554445555444444455555555555556565666543354555454455454554555555555555555555445555555666666665566655555555555555555555445554444444444444444444444454444555555544466655454444444445555555555655433232223443445554234444542344444
554555454555555555555555545444444555555555555555555566544345545455455554444545555555554454555455555555556666666666655555555555555555555455555444444444444444444444444445455544544465555444444444445555555556654231233222444444555334445433334444
545555555445555555555554445444555555555555555555555566554434444454455554445455555555544555454455555555555666666666655555556555555555555455555544444444444444444444444455455444545455445444444444445555555555552111255112444444555435566243434444
345554555545555555544554445444545445555455555555555656654343444444454554444555555555544554455555555555556666666665556665555555555555555544555544444444444444444444444445555543554355455444444444444554555555551111365112344444454433331123444444
355455545445555555555455445455555445554445555555555656664443444445555554445555555454555554455555555555555656666656565555555555555555555555555555444444444444444444444455545544554455555444444444444544455565551112566111444444444332211234444444
464454545555555555555555445555544444455455655555555665665443444555555555455555555555555555545555555555555556566566666655555555555555555555455555544444444444444444334455544544555545554444444444444444455555551215665112444444444332223444444444
455454445455555555555555455555544455455454555555555555665543444555555555555555555555554555444555555555544555566665666555555555555555545455545555444444444444444444434555554555554445554444444444444444555554443246663112444444444443444444444444
555454555555554555554455555555444445444545465555555556666543444545555455555555555555445555555554544545545545556666665555555555555555445554555554545444444444444444434455545555444444444444444444443444455444544345531113443444444444444444444444
555454455555544555544555555554444445444544455555555556556554444555555454545555555555454555545545555555555656656666666555555555555555555544555555544544444444444444434555445544544444444444444444444444444444543322111124442544444444444444444444
455454455555555555445545554555444445444454446555556556656655444445554555455555555555455455554554455555555555666566666555555555555555555555545555544544444444444444444555545545444444444444444444444444444444543321111244444434444444444444444444
555444455555545555455445554544444444444454445555555556656665444445554554455555545555455455554555555554555555555566655656555555555555545455545455544444444444444444434555544554445444444444444444444444444444433221112344444444444444444444444444
555554455555555554454455444445444444444444455554555555565666544444554455455555555555556555555555555555555555555566666666555555555555555555445555544454444444444444345555545554445444444444444444444444444444433222234444444444444444444444444444
565554555555455555554455445454444455444444454554555555566666554444555544455555554555556555455545555555555555555566666665555555555555555554544555554444444444444444455554444555455444444444444444444444444444444444444444444444444444444444444444
565554555554455555554455445444444454444444444554555555565556654544455535555455545555555555455545555555555555555566666665555555555555544554554555554444444444444444455555444444454444444444444444444444444344444444444444444444444444444444444444
555544555554555555554444455444444454444444455455555555556565444544454545545555545455655555545555555555556665656566666655655555555555555555545555544444444444444444454454544445444444444444444444444444444444444444444444444444444444444444444444
556544555555555555555444444444444554444444545445565555555556555554454445545555555455555555555555555555656555655656666556555555555555555454455555545554444445544444445445555445444444444444444444444444444444444444444444444444444444444444444444
545555554545554455555444444444445554444444544445555555555566655555444555555555555555565556545555555556565556666656665545655555555555554455455554545544554445544444444554445445444444444444444444444444444444444444444444444444444444444444444444
545555544555454445555444444444455554444444444454555555555555555555445455455555555555555555555555555556655555656465665555656555555555555555555555445544444445544444444545554444444444444444444444444444444444444444444444444444444444444444444444
545555445555444545555444445444554455444444444445555555555556555555545555555555554455555556555556555566655565666655665566656565555555555554555554555554445545444444445555544444444444444444444444444444444444444444444444444444444444444444444444
545555555554444455555545444444444554444444444444465555555555555555545555555555545555555655655556555565555566556555666666555655555555555555555555555444555554444444445455544444444444444444444444444444444444444444444444444444444444444444444444
555555555554444444555554444544454554444444544454455555555555556555555555555555555555554565665555555565565665565656666666556655555555555555555555554445455454455555444544444444444444444444444444444444444444444444444444444444444444444444444444
555555555554444444555454444454454554444444444444455555455555555555555555555555555555554555665555556555656665666666656666566655555555555555455555555555455554554454444544444444444444444444444444444444444444444444444444444444444444444444444444
555555555555444444445555544444444455444444444444555454555555555555555555555555555555555555665555556555666666665666666566656655555555555555555555555554555544455444444544444444444444444444444444444444444444444444444444444444444444444444444444
